0.0000
0.0000
0.0000
0.0000
0.0000
0.0000
0.0000
0.0000
0.0000
0.0000
0.0000
0.0000
0.0000
0.0000
0.0000
0.0000
0.0000
0.0000
0.0000
0.0000
0.0000
0.0000
0.0000
0.0000
0.0000
0.0000
0.0000
0.0000
0.0000
0.0000
0.0000
0.0000
0.0000
0.0000
0.0000
0.0000
0.0000
0.0000
0.0000
0.0000
0.0000
0.0000
0.0000
0.0000
0.0000
0.0000
0.0000
0.0000
0.0000
0.0000
0.0000
0.0000
0.0000
0.0000
0.0000
0.0000
0.0000
0.0000
0.0000
0.0000
0.0000
0.0000
0.0000
0.0000
0.0000
0.0000
0.0000
0.0000
0.0000
0.0000
0.0000
0.0000
0.0000
0.0000
0.0000
0.0000
0.0000
0.0000
0.0000
0.0000
0.0000
0.0000
0.0000
0.0000
0.0000
0.0000
0.0000
0.0000
0.0000
0.0000
0.0000
0.0000
0.0000
0.0000
0.0000
0.0000
0.0000
0.0000
0.0000
0.0000
0.0000
0.0000
0.0000
0.0000
0.0000
0.0000
0.0000
0.0000
0.0000
0.0000
0.0000
0.0000
0.0000
0.0000
0.0000
0.0000
0.0000
0.0000
0.0000
0.0000
0.0003
0.0004
0.0000
0.0000
0.0000
0.0000
0.0000
0.0000
0.0000
0.0000
0.0000
0.0000
0.0000
0.0000
0.0000
0.0000
0.0000
0.0000
0.0000
0.0000
0.0000
0.0000
0.0000
0.0000
0.0000
0.0000
0.0000
0.0002
0.0007
0.0007
0.0002
0.0000
0.0000
0.0000
0.0000
0.0000
0.0000
0.0000
0.0000
0.0000
0.0000
0.0000
0.0001
0.0004
0.0004
0.0000
0.0000
0.0000
0.0000
0.0000
0.0000
0.0000
0.0000
0.0000
0.0000
0.0004
0.0009
0.0010
0.0004
0.0000
0.0000
0.0000
0.0000
0.0000
0.0000
0.0000
0.0000
0.0006
0.0005
0.0008
0.0011
0.0017
0.0013
0.0000
0.0000
0.0000
0.0000
0.0000
0.0000
0.0000
0.0000
0.0000
0.0000
0.0008
0.0010
0.0007
0.0003
0.0000
0.0000
0.0000
0.0000
0.0000
0.0000
0.0000
0.0004
0.0014
0.0024
0.0044
0.0068
0.0069
0.0037
0.0000
0.0000
0.0000
0.0000
0.0000
0.0000
0.0000
0.0001
0.0002
0.0004
0.0009
0.0029
0.0038
0.0018
0.0004
0.0004
0.0001
0.0000
0.0000
0.0000
0.0003
0.0023
0.0037
0.0109
0.0138
0.0166
0.0159
0.0120
0.0000
0.0000
0.0000
0.0000
0.0000
0.0000
0.0000
0.0044
0.0053
0.0028
0.0027
0.0063
0.0061
0.0046
0.0010
0.0006
0.0005
0.0000
0.0005
0.0017
0.0027
0.0062
0.0145
0.0299
0.0466
0.0528
0.0387
0.0135
0.0000
0.0000
0.0000
0.0000
0.0000
0.0000
0.0000
0.0051
0.0161
0.0193
0.0222
0.0194
0.0178
0.0096
0.0031
0.0019
0.0007
0.0004
0.0017
0.0049
0.0147
0.0324
0.0654
0.1033
0.1202
0.1137
0.0795
0.0235
0.0001
0.0000
0.0000
0.0000
0.0000
0.0009
0.0013
0.0282
0.0527
0.0564
0.0627
0.0643
0.0528
0.0384
0.0273
0.0203
0.0184
0.0171
0.0305
0.0581
0.0952
0.1475
0.1926
0.2158
0.2313
0.2274
0.1474
0.0382
0.0001
0.0000
0.0000
0.0000
0.0000
0.0020
0.0027
0.0662
0.1408
0.1785
0.1792
0.1653
0.1447
0.1275
0.1294
0.1295
0.1490
0.2017
0.2485
0.3013
0.3591
0.3894
0.4056
0.4080
0.3973
0.3766
0.2949
0.0664
0.0002
0.0000
0.0000
0.0000
0.0000
0.0014
0.0032
0.1184
0.2829
0.3399
0.3723
0.3902
0.4139
0.4564
0.5249
0.6034
0.6580
0.7146
0.7595
0.7696
0.7676
0.7451
0.6962
0.6439
0.5885
0.5278
0.3965
0.1088
0.0008
0.0000
0.0000
0.0000
0.0000
0.0001
0.0077
0.2014
0.4099
0.5112
0.5892
0.6532
0.7302
0.7967
0.8630
0.9150
0.9453
0.9559
0.9351
0.8889
0.8281
0.7648
0.7015
0.6534
0.6144
0.5564
0.3931
0.1130
0.0008
0.0000
0.0000
0.0000
0.0000
0.0000
0.0070
0.1800
0.4173
0.5230
0.5846
0.6541
0.7054
0.7402
0.7658
0.7600
0.7177
0.6689
0.6066
0.5228
0.4553
0.4285
0.4165
0.4277
0.4287
0.4145
0.3189
0.1084
0.0001
0.0000
0.0000
0.0000
0.0000
0.0000
0.0002
0.1360
0.3271
0.3943
0.4089
0.4063
0.4050
0.3713
0.3249
0.2757
0.2095
0.1621
0.1475
0.1437
0.1371
0.1429
0.1635
0.2049
0.2329
0.2424
0.2090
0.0729
0.0000
0.0000
0.0000
0.0000
0.0000
0.0000
0.0020
0.0936
0.2034
0.2344
0.2248
0.2095
0.1768
0.1284
0.0804
0.0466
0.0273
0.0129
0.0168
0.0261
0.0315
0.0385
0.0543
0.0834
0.0962
0.0971
0.0831
0.0219
0.0000
0.0000
0.0000
0.0000
0.0000
0.0000
0.0002
0.0495
0.1196
0.1383
0.1181
0.0942
0.0594
0.0328
0.0139
0.0064
0.0019
0.0002
0.0023
0.0038
0.0056
0.0103
0.0251
0.0321
0.0334
0.0318
0.0266
0.0107
0.0000
0.0000
0.0000
0.0000
0.0000
0.0000
0.0004
0.0293
0.0626
0.0687
0.0518
0.0278
0.0119
0.0057
0.0027
0.0011
0.0000
0.0000
0.0000
0.0007
0.0014
0.0027
0.0085
0.0107
0.0087
0.0064
0.0042
0.0014
0.0000
0.0000
0.0000
0.0000
0.0000
0.0000
0.0006
0.0175
0.0260
0.0273
0.0181
0.0123
0.0068
0.0038
0.0003
0.0000
0.0000
0.0000
0.0000
0.0003
0.0004
0.0014
0.0051
0.0070
0.0026
0.0014
0.0004
0.0000
0.0000
0.0000
0.0000
0.0000
0.0000
0.0000
0.0000
0.0024
0.0059
0.0080
0.0075
0.0071
0.0066
0.0034
0.0000
0.0000
0.0000
0.0000
0.0001
0.0003
0.0003
0.0002
0.0002
0.0016
0.0007
0.0010
0.0004
0.0000
0.0000
0.0000
0.0000
0.0000
0.0000
0.0000
0.0000
0.0009
0.0030
0.0032
0.0019
0.0022
0.0000
0.0000
0.0000
0.0000
0.0000
0.0000
0.0002
0.0003
0.0003
0.0001
0.0000
0.0000
0.0004
0.0007
0.0002
0.0000
0.0000
0.0000
0.0000
0.0000
0.0000
0.0000
0.0000
0.0001
0.0016
0.0004
0.0000
0.0000
0.0000
0.0000
0.0000
0.0000
0.0000
0.0000
0.0001
0.0003
0.0003
0.0002
0.0000
0.0000
0.0002
0.0004
0.0001
0.0000
0.0000
0.0000
0.0000
0.0000
0.0000
0.0000
0.0000
0.0000
0.0006
0.0000
0.0000
0.0000
0.0000
0.0000
0.0000
0.0000
0.0000
0.0000
0.0000
0.0003
0.0003
0.0003
0.0000
0.0000
0.0000
0.0000
0.0000
0.0000
0.0000
0.0000
0.0000
0.0000
0.0000
0.0000
0.0000
0.0000
0.0000
0.0000
0.0000
0.0000
0.0000
0.0000
0.0000
0.0000
0.0000
0.0000
0.0000
0.0001
0.0002
0.0001
0.0000
0.0000
0.0000
0.0000
0.0000
0.0000
0.0000
0.0000
0.0000
0.0000
0.0000
0.0000
0.0000
0.0000
0.0000
0.0000
0.0000
0.0000
0.0000
0.0000
0.0000
0.0000
0.0000
0.0000
0.0000
0.0000
0.0000
0.0000
0.0000
0.0000
0.0000
0.0000
0.0000
0.0000
0.0000
0.0000
0.0000
0.0000
0.0000
0.0000
0.0000
0.0000
0.0000
0.0000
0.0000
0.0000
0.0000
0.0000
0.0000
0.0000
0.0000
0.0000
0.0000
0.0000
0.0000
0.0000
0.0000
0.0000
0.0000
0.0000
0.0000
0.0000
0.0000
0.0000
0.0000
